                   
                   [1m[38;2;177;196;195m█[38;2;161;188;185m█
            [38;2;148;182;175m█[38;2;189;202;204m█[38;2;191;203;205m█[38;2;189;202;204m█[38;2;146;169;175m█[38;2;89;125;137m█[38;2;123;152;159m█[38;2;179;197;197m█[38;2;182;198;199m█[38;2;190;203;204m█[38;2;175;195;194m█
      [38;2;200;207;211m█[38;2;192;204;206m█  [38;2;183;199;200m█[38;2;186;200;201m█[38;2;86;108;140m█[38;2;54;79;121m█[38;2;53;78;120m█[38;2;53;78;120m█[38;2;55;80;121m█[38;2;57;81;122m█[38;2;56;80;122m█[38;2;53;78;120m█[38;2;53;78;120m█[38;2;54;79;120m█[38;2;65;89;128m█[38;2;188;201;203m█[38;2;192;204;205m█[38;2;79;119;130m█[38;2;89;123;137m█
        [38;2;181;198;198m█[38;2;183;200;200m█[38;2;84;125;133m█[38;2;83;124;132m█[38;2;157;173;119m█[38;2;180;188;115m█[38;2;181;189;116m█[38;2;181;189;116m█[38;2;181;189;116m█[38;2;181;189;116m█[38;2;181;189;116m█[38;2;181;189;116m█[38;2;181;189;116m█[38;2;180;189;116m█[38;2;170;181;117m█[38;2;58;83;123m█[38;2;59;84;123m█[38;2;57;82;123m█[38;2;50;75;119m█[38;2;187;204;202m█[38;2;190;202;205m█
      [38;2;191;203;205m█[38;2;178;197;196m█[38;2;183;200;199m█[38;2;186;203;201m█[38;2;58;83;125m█[38;2;56;82;123m█[38;2;150;162;116m█[38;2;179;187;115m█[38;2;205;225;163m█[38;2;214;238;180m█[38;2;214;239;181m█[38;2;214;239;181m█[38;2;214;239;181m█[38;2;214;239;181m█[38;2;214;239;181m█[38;2;214;239;181m█[38;2;211;235;175m█[38;2;179;186;113m█[38;2;185;192;114m█[38;2;48;74;123m█[38;2;54;78;122m█[38;2;86;128;134m█[38;2;89;126;136m█       
      [38;2;194;204;207m█[38;2;185;202;201m█[38;2;58;83;123m█[38;2;55;80;123m█[38;2;177;187;115m█[38;2;181;189;116m█[38;2;211;234;173m█[38;2;219;247;190m█[38;2;195;210;140m█[38;2;185;196;122m█[38;2;184;192;118m█[38;2;181;189;115m█[38;2;181;189;115m█[38;2;181;189;115m█[38;2;182;190;116m█[38;2;185;195;121m█[38;2;189;199;127m█[38;2;221;249;192m█[38;2;223;252;195m█[38;2;178;185;110m█[38;2;187;194;115m█[38;2;49;75;123m█[38;2;61;82;127m█       
      [38;2;194;204;207m█[38;2;185;202;201m█[38;2;57;82;123m█[38;2;54;79;123m█[38;2;178;187;115m█[38;2;180;188;114m█[38;2;130;124;56m█[38;2;115;105;38m█[38;2;114;103;37m█[38;2;115;105;38m█[38;2;139;136;66m█[38;2;173;179;105m█[38;2;174;180;106m█[38;2;174;180;106m█[38;2;167;171;98m█[38;2;114;102;36m█[38;2;114;103;37m█[38;2;114;103;37m█[38;2;111;99;33m█[38;2;184;194;119m█[38;2;188;195;115m█[38;2;49;75;123m█[38;2;50;75;119m█[38;2;168;196;189m█[38;2;171;193;192m█     
        [38;2;67;98;126m█[38;2;64;95;126m█[38;2;178;187;115m█[38;2;180;187;114m█[38;2;81;57;34m█[38;2;51;19;10m█[38;2;107;83;77m█[38;2;127;107;101m█[38;2;126;111;77m█[38;2;123;114;42m█[38;2;112;100;36m█[38;2;96;77;29m█[38;2;98;81;37m█[38;2;128;107;103m█[38;2;121;100;94m█[38;2;48;15;7m█[38;2;42;7;3m█[38;2;188;199;121m█[38;2;188;194;115m█[38;2;59;92;127m█[38;2;70;97;129m█       
          [38;2;177;187;114m█[38;2;179;187;114m█[38;2;81;57;34m█[38;2;50;18;9m█[38;2;66;36;29m█[38;2;73;45;37m█[38;2;94;74;39m█[38;2;123;115;42m█[38;2;139;135;64m█[38;2;164;167;101m█[38;2;150;153;94m█[38;2;30;30;30m█[38;2;31;28;28m█[38;2;50;16;8m█[38;2;42;7;3m█[38;2;188;199;121m█[38;2;191;193;117m█         
          [38;2;177;187;114m█[38;2;181;189;115m█[38;2;185;194;118m█[38;2;186;196;119m█[38;2;186;196;119m█[38;2;183;193;117m█[38;2;106;111;68m█[38;2;0;0;1m█[38;2;0;0;0m█[38;2;0;0;0m█[38;2;16;16;10m█[38;2;189;197;120m█[38;2;188;196;119m█[38;2;186;196;119m█[38;2;192;199;118m█[38;2;72;116;133m█[38;2;82;122;136m█         
            [38;2;138;170;107m█[38;2;178;187;114m█[38;2;136;132;58m█[38;2;121;114;40m█[38;2;163;169;101m█[38;2;221;247;187m█[38;2;224;250;189m█[38;2;222;249;188m█[38;2;212;234;172m█[38;2;119;110;36m█[38;2;125;118;44m█[38;2;182;190;116m█[38;2;190;193;118m█           
            [38;2;165;209;157m█[38;2;209;235;178m█[38;2;61;65;50m█[38;2;6;3;2m█[38;2;3;0;0m█[38;2;2;0;0m█[38;2;1;0;0m█[38;2;0;0;0m█[38;2;0;0;0m█[38;2;3;4;4m█[38;2;21;23;18m█[38;2;213;239;181m█[38;2;219;247;188m█[38;2;40;2;0m█[38;2;49;15;7m█[38;2;49;16;8m█[38;2;52;10;3m█       
          [38;2;0;4;3m█[38;2;2;4;3m█[38;2;164;184;139m█[38;2;213;236;179m█[38;2;230;88;84m█[38;2;236;34;49m█[38;2;235;32;48m█[38;2;231;31;47m█[38;2;144;19;29m█[38;2;3;0;0m█[38;2;23;26;19m█[38;2;211;236;179m█[38;2;193;216;164m█[38;2;3;4;3m█[38;2;3;4;3m█[38;2;0;0;0m█[38;2;0;0;0m█[38;2;51;16;8m█[38;2;48;15;8m█[38;2;48;18;9m█[38;2;51;7;1m█     
      [38;2;45;4;3m█[38;2;41;11;8m█[38;2;41;11;8m█[38;2;42;11;8m█[38;2;0;0;0m█[38;2;0;0;0m█[38;2;40;14;7m█[38;2;55;21;12m█[38;2;179;190;143m█[38;2;224;248;189m█[38;2;237;161;133m█[38;2;251;42;57m█[38;2;255;122;135m█[38;2;255;255;255m█[38;2;248;248;243m█[38;2;131;122;43m█[38;2;121;114;41m█[38;2;0;0;0m█[38;2;0;0;0m█[38;2;44;11;8m█[38;2;35;6;8m█[38;2;154;95;8m█[38;2;154;95;8m█[38;2;34;5;8m█[38;2;44;3;3m█
    [38;2;163;91;2m█[38;2;152;93;8m█[38;2;151;93;8m█[38;2;151;93;8m█[38;2;151;93;8m█[38;2;154;95;8m█[38;2;48;14;7m█[38;2;46;12;7m█[38;2;10;3;1m█[38;2;0;0;0m█[38;2;37;12;6m█[38;2;51;17;8m█[38;2;65;17;11m█[38;2;85;19;17m█[38;2;102;56;27m█[38;2;127;117;42m█[38;2;113;106;37m█[38;2;0;0;0m█[38;2;0;0;0m█[38;2;0;0;0m█[38;2;0;0;0m█[38;2;157;94;7m█[38;2;149;89;7m█[38;2;148;90;8m█[38;2;148;90;8m█[38;2;151;93;8m█[38;2;158;98;8m█[38;2;43;11;8m█[38;2;52;10;3m█[0m

